[[ 1.         -0.00312216 -0.34247682  0.61071897 -0.51539106 -0.03366629 0.54896792  0.66037062 -0.52217042 -0.06534852  0.04521997 -0.27422423]

 [-0.00312216  1.         -0.0023665   0.02180708 -0.00569534 -0.02666664
   0.00937077 -0.00364245  0.02202523 -0.01428451 -0.02078844 -0.02124567]
 [-0.34247682 -0.0023665   1.         -0.30995824 -0.06594624  0.68306883
  -0.67514743 -0.49428724  0.66751792 -0.5317457  -0.69205944  0.58324201]
 [ 0.61071897  0.02180708 -0.30995824  1.         -0.32201706 -0.04937461
   0.44290863  0.57876832 -0.3389138   0.09273722  0.06885645 -0.22025497]
 [-0.51539106 -0.00569534 -0.06594624 -0.32201706  1.         -0.3176424
  -0.14442371 -0.38029451  0.08378012  0.19816967  0.2488984  -0.09100444]
 [-0.03366629 -0.02666664  0.68306883 -0.04937461 -0.3176424   1.
  -0.54588916 -0.17147881  0.59037987 -0.7265891  -0.82803315  0.66232215]
 [ 0.54896792  0.00937077 -0.67514743  0.44290863 -0.14442371 -0.54588916
   1.          0.63489597 -0.70497301  0.44646745  0.55572694 -0.64617528]
 [ 0.66037062 -0.00364245 -0.49428724  0.57876832 -0.38029451 -0.17147881
   0.63489597  1.         -0.50663503  0.14464328  0.34467971 -0.47465662]
 [-0.52217042  0.02202523  0.66751792 -0.3389138   0.08378012  0.59037987
  -0.70497301 -0.50663503  1.         -0.43384502 -0.61150039  0.62063499]
 [-0.06534852 -0.01428451 -0.5317457   0.09273722  0.19816967 -0.7265891
   0.44646745  0.14464328 -0.43384502  1.          0.65720938 -0.55625163]
 [ 0.04521997 -0.02078844 -0.69205944  0.06885645  0.2488984  -0.82803315
   0.55572694  0.34467971 -0.61150039  0.65720938  1.         -0.68513175]
 [-0.27422423 -0.02124567  0.58324201 -0.22025497 -0.09100444  0.66232215
  -0.64617528 -0.47465662  0.62063499 -0.55625163 -0.68513175  1.        ]]